Indices CP, moyenne glissante 2.5 sur 25 m
Session: C:\Users\hugo-h.perez\Desktop\APL\A75 loubaresse\Data\19250740.id
Mesure du 27/05/2025 à 72.0 km/h au PAS de 5.000 cm
Profil Source:Pseudo profil
Correction température:Non
Début:1479.000;Fin:6488.000

Echantillons;abscisse;Indice Gauche;Indice Droite;Vit.Moy.;
500;1479;11.4;10.3;71.0;
500;1504;6.9;6.7;70.9;
500;1529;7.0;9.4;70.9;
500;1554;9.3;11.8;70.9;
500;1579;10.1;11.0;70.9;
500;1604;7.8;10.2;70.9;
500;1629;8.3;9.2;70.9;
500;1654;8.2;8.9;70.9;
500;1679;6.6;9.1;70.9;
500;1704;8.5;13.3;70.8;
500;1729;7.3;10.2;70.8;
500;1754;9.7;7.4;70.8;
500;1779;7.4;9.2;70.8;
500;1804;11.0;10.1;70.8;
500;1829;7.5;10.1;70.8;
500;1854;10.0;10.1;70.8;
500;1879;5.7;7.6;70.8;
500;1904;9.9;8.7;70.8;
500;1929;8.0;14.2;70.8;
500;1954;8.6;9.3;70.8;
500;1979;9.1;9.3;70.8;
500;2004;10.1;10.2;70.8;
500;2029;8.2;9.5;70.8;
500;2054;7.9;9.0;70.8;
500;2079;7.6;11.6;70.8;
500;2104;7.9;8.1;70.5;
500;2129;10.8;10.9;70.5;
500;2154;8.3;7.7;70.5;
500;2179;8.6;8.1;70.4;
500;2204;9.8;8.2;70.1;
500;2229;7.3;7.9;70.1;
500;2254;7.7;8.8;70.1;
500;2279;8.4;8.6;70.1;
500;2304;6.7;9.1;70.3;
500;2329;9.0;8.3;70.3;
500;2354;12.1;8.1;70.3;
500;2379;7.6;7.9;70.3;
500;2404;11.6;10.8;70.6;
500;2429;6.2;8.4;70.6;
500;2454;6.8;8.9;70.6;
500;2479;8.4;8.1;70.6;
500;2504;7.1;12.1;70.7;
500;2529;11.1;9.2;70.7;
500;2554;7.4;10.4;70.7;
500;2579;8.5;8.8;70.7;
500;2604;9.3;9.9;70.6;
500;2629;9.7;10.1;70.6;
500;2654;8.2;10.8;70.6;
500;2679;12.0;9.6;70.6;
500;2704;7.3;9.0;70.7;
500;2729;8.1;9.8;70.7;
500;2754;6.4;9.5;70.7;
500;2779;6.8;9.1;70.7;
500;2804;8.3;7.4;70.7;
500;2829;6.3;10.4;70.7;
500;2854;9.0;12.9;70.7;
500;2879;8.0;7.4;70.7;
500;2904;6.7;13.0;70.9;
500;2929;39.6;21.3;70.9;
500;2954;8.5;8.7;70.9;
500;2979;9.4;9.0;70.9;
500;3004;7.7;9.4;70.7;
500;3029;28.3;22.5;70.7;
500;3054;10.6;7.8;70.7;
500;3079;7.7;8.9;70.7;
500;3104;7.4;7.4;70.6;
500;3129;6.2;7.6;70.6;
500;3154;8.4;9.5;70.6;
500;3179;7.3;9.2;70.6;
500;3204;6.1;9.2;70.7;
500;3229;5.4;10.3;70.7;
500;3254;5.8;8.5;70.7;
500;3279;6.7;9.1;70.7;
500;3304;6.5;8.0;70.6;
500;3329;7.0;9.2;70.6;
500;3354;5.2;8.1;70.6;
500;3379;10.1;11.6;70.6;
500;3404;11.6;10.8;70.7;
500;3429;5.3;8.6;70.7;
500;3454;6.7;7.5;70.7;
500;3479;8.4;8.4;70.7;
500;3504;6.4;9.6;70.7;
500;3529;8.8;10.2;70.7;
500;3554;12.4;9.3;70.7;
500;3579;8.3;7.4;70.7;
500;3604;11.9;7.8;70.7;
500;3629;6.9;8.2;70.7;
500;3654;6.2;8.5;70.7;
500;3679;6.7;8.4;70.7;
500;3704;6.8;7.9;70.7;
500;3729;8.1;7.8;70.7;
500;3754;8.1;12.0;70.7;
500;3779;7.1;11.1;70.7;
500;3804;9.1;10.0;70.5;
500;3829;8.0;8.5;70.5;
500;3854;8.8;9.1;70.5;
500;3879;5.4;9.0;70.5;
500;3904;10.2;11.3;70.8;
500;3929;14.3;8.5;70.8;
500;3954;7.7;6.6;70.8;
500;3979;8.9;7.8;70.8;
500;4004;7.9;8.9;70.7;
500;4029;8.0;9.3;70.7;
500;4054;7.7;7.9;70.7;
500;4079;13.2;12.4;70.7;
500;4104;15.4;8.7;70.7;
500;4129;11.1;11.4;70.7;
500;4154;14.2;10.2;70.7;
500;4179;15.5;10.6;70.7;
500;4204;18.6;12.8;70.6;
500;4229;11.1;10.5;70.6;
500;4254;9.6;11.1;70.6;
500;4279;10.4;13.2;70.6;
500;4304;12.5;10.4;70.6;
500;4329;12.9;13.7;70.6;
500;4354;10.4;7.8;70.6;
500;4379;9.8;11.2;70.6;
500;4404;10.1;12.8;70.6;
500;4429;11.9;10.8;70.6;
500;4454;10.9;8.6;70.6;
500;4479;8.9;9.1;70.6;
500;4504;10.8;10.9;70.7;
500;4529;11.1;8.2;70.7;
500;4554;13.4;11.1;70.7;
500;4579;12.9;9.0;70.7;
500;4604;7.9;6.2;70.7;
500;4629;7.0;7.9;70.7;
500;4654;6.8;7.4;70.7;
500;4679;7.3;8.8;70.7;
500;4704;8.9;8.8;70.7;
500;4729;7.4;8.3;70.7;
500;4754;12.1;9.7;70.7;
500;4779;12.2;9.9;70.7;
500;4804;8.9;9.1;70.5;
500;4829;9.5;10.4;70.5;
500;4854;11.6;11.4;70.5;
500;4879;9.2;10.3;70.5;
500;4904;7.6;7.1;70.7;
500;4929;6.8;7.5;70.7;
500;4954;8.2;8.0;70.7;
500;4979;13.7;11.5;70.7;
500;5004;7.5;10.7;70.7;
500;5029;28.1;21.9;70.7;
500;5054;10.0;9.7;70.7;
500;5079;7.7;9.0;70.7;
500;5104;9.8;9.3;70.7;
500;5129;8.3;7.7;70.7;
500;5154;7.5;9.8;70.7;
500;5179;10.3;9.7;70.7;
500;5204;7.8;9.1;70.8;
500;5229;8.1;8.7;70.8;
500;5254;7.3;9.3;70.8;
500;5279;6.2;7.4;70.8;
500;5304;7.7;9.7;70.8;
500;5329;7.2;8.1;70.8;
500;5354;9.2;7.3;70.8;
500;5379;9.4;7.0;70.8;
500;5404;10.1;7.4;71.0;
500;5429;11.0;11.0;71.0;
500;5454;8.5;8.3;71.0;
500;5479;8.1;9.7;71.0;
500;5504;8.6;9.0;71.3;
500;5529;7.7;7.2;71.3;
500;5554;7.1;6.9;71.3;
500;5579;7.3;10.3;71.2;
500;5604;7.2;10.2;70.8;
500;5629;7.3;8.9;70.8;
500;5654;7.7;8.1;70.8;
500;5679;8.7;9.5;70.8;
500;5704;8.5;12.6;71.0;
500;5729;9.2;8.3;71.0;
500;5754;7.6;9.7;71.0;
500;5779;9.6;9.4;71.0;
500;5804;8.5;12.2;71.1;
500;5829;5.9;10.6;71.1;
500;5854;10.3;11.0;71.1;
500;5879;7.5;9.5;71.1;
500;5904;7.2;10.6;71.1;
500;5929;9.6;10.9;71.1;
500;5954;6.0;9.4;71.1;
500;5979;8.1;9.3;71.1;
500;6004;7.6;8.3;71.3;
500;6029;9.9;8.4;71.3;
500;6054;9.9;8.2;71.3;
500;6079;6.4;8.2;71.4;
500;6104;5.8;8.0;71.7;
500;6129;6.1;9.3;71.7;
500;6154;10.9;10.5;71.7;
500;6179;8.3;10.3;71.8;
500;6204;6.2;9.8;72.1;
500;6229;7.7;12.1;72.1;
500;6254;7.7;9.4;72.1;
500;6279;7.4;8.5;72.2;
500;6304;7.1;10.3;72.6;
500;6329;8.2;7.8;72.6;
500;6354;10.3;9.5;72.6;
500;6379;8.5;9.1;72.5;
500;6404;8.9;6.6;71.8;
500;6429;8.6;8.9;71.8;
500;6454;8.4;8.2;71.8;
